1119,2838
1119,6563
3971,8097
3971,57
1119,7326
6294,5271
1119,2180
1119,7326
1119,2538
1119,8447
1119,2180
1119,7326
1119,1622
1119,2538
1119,6096
1119,2180
1119,1495
1119,2838
1119,2538
1119,8447
1119,7326
1119,4086
1119,6563
1119,2838
1119,8447
1119,2538
1119,4086
1119,2756
1119,7326
1119,2538
1119,6066
1119,7326
1119,6894
1119,2180
1119,127
1119,6096
1119,7326
1119,7587
1119,2756
1119,7326
1119,1525
1119,6066
1119,2756
1119,1622
1119,7326
1119,127
1119,1495
1119,8344
1119,7326
1119,1622
1119,6066
1119,6096
1119,6096
1119,6066
1119,8542
1119,1622
1119,2956
1119,2838
1119,6563
1119,9093
1119,2180
1119,7326
1119,7587
1119,2180
1119,7326
1119,2538
1119,8447
1119,2180
1119,7326
1119,1622
1119,2538
1119,6096
1119,2180
1119,1495
1119,2838
1119,2538
1119,8447
1119,7326
1119,2538
1119,6066
1119,7326
1119,7587
1119,127
1119,5265
1119,2180
1119,7326
1119,7587
1119,2756
1119,7326
1119,4086
1119,6066
1119,9093
1119,2180
1119,7326
1119,4598
1119,6096
1119,552
1119,6563
1119,2538
1119,4598
1119,552
1119,4086
1119,7326
1119,6563
1119,1495
1119,7326
1119,1622
1119,2180
1119,6096
1119,9093
1119,6563
1119,6670
1119,2180
1119,2956
1119,2838
1119,6563
1119,9093
1119,2180
1119,7326
1119,7587
1119,2180
1119,7326
1119,2538
1119,8447
1119,2180
1119,7326
1119,1622
1119,2538
1119,6096
1119,2180
1119,1495
1119,2838
1119,2538
1119,8447
1119,7326
1119,1495
1119,2180
1119,9093
1119,2180
1119,6096
1119,7326
1119,2538
1119,6066
1119,7326
1119,8344
1119,6563
1119,1622
1119,6066
1119,8542
1119,1495
1119,7326
1119,2538
1119,8447
1119,2180
1119,7326
1119,3514
1119,6066
1119,6066
1119,6096
1119,7326
1119,6066
1119,6096
1119,7326
1119,6894
1119,2180
1119,1495
1119,8344
1119,7326
1119,7587
1119,2756
1119,7326
1119,2956
1119,5265
1119,1495
1119,2180
1119,2180
1119,1622
1119,7326
1119,6894
1119,2180
1119,4598
1119,6066
1119,6096
1119,2180
1119,7326
1119,6563
1119,1495
1119,1622
1119,6066
1119,4086
1119,2180
1119,1495
1119,2538
1119,7326
1119,7587
1119,6563
1119,2838
1119,8447
1119,2538
1119,2956
1119,2838
1119,6563
1119,9093
1119,2180
1119,7326
1119,7587
1119,2180
1119,7326
1119,2538
1119,8447
1119,2180
1119,7326
1119,1622
1119,2538
1119,6096
1119,2180
1119,1495
1119,2838
1119,2538
1119,8447
1119,7326
1119,2538
1119,6066
1119,7326
1119,6096
1119,127
1119,6563
1119,1622
1119,2180
1119,7326
1119,7587
1119,2756
1119,7326
1119,7587
1119,6563
1119,1495
1119,8344
1119,7326
1119,8447
1119,6563
1119,2838
1119,8447
1119,7326
1119,127
1119,6894
1119,6066
1119,9093
1119,2180
1119,7326
1119,8344
1119,127
1119,6563
1119,4086
1119,2756
1119,7326
1119,2538
1119,6096
1119,6563
1119,4598
1119,4086
1119,2180
1119,1622
1119,2956
1119,127
1119,1495
1119,8344
1119,7326
1119,2838
1119,6563
1119,9093
1119,2180
1119,7326
1119,7587
1119,2180
1119,7326
1119,2538
1119,8447
1119,2180
1119,7326
1119,1622
1119,2538
1119,6096
1119,2180
1119,1495
1119,2838
1119,2538
1119,8447
1119,7326
1119,2538
1119,6066
1119,7326
1119,1622
1119,552
1119,6096
1119,6096
1119,2180
1119,1495
1119,8344
1119,2180
1119,6096
1119,7326
1119,7587
1119,2756
1119,7326
1119,1622
1119,2538
1119,6096
1119,2180
1119,1495
1119,2838
1119,2538
1119,8447
1119,7326
1119,2538
1119,6066
1119,7326
1119,2538
1119,8447
1119,2756
1119,7326
1119,8542
1119,6563
1119,4086
1119,4086
1119,7326
1119,8542
1119,6563
1119,2538
1119,8447
1119,7326
1119,4086
1119,6066
1119,9093
1119,2180
