1111
5876
9045
8245
1234
5421
8245
1234
4028
2412
8245
1234
1024
4028
2153
8245
8716
1111
4028
2412
1234
4634
5876
1111
2412
4028
4634
9871
1234
4028
1441
1234
5033
8245
2345
2153
1234
5421
9871
1234
9428
1441
9871
1024
1234
2345
8716
2644
1234
1024
1441
2153
2153
1441
1321
1024
1235
1111
5876
9045
8245
1234
5421
8245
1234
4028
2412
8245
1234
1024
4028
2153
8245
8716
1111
4028
2412
1234
4028
1441
1234
5421
2345
4512
8245
1234
5421
9871
1234
4634
1441
9045
8245
1234
9425
2153
9086
5876
4028
9425
9086
4634
1234
5876
8716
1234
1024
8245
2153
9045
5876
1055
8245
1235
1111
5876
9045
8245
1234
5421
8245
1234
4028
2412
8245
1234
1024
4028
2153
8245
8716
1111
4028
2412
1234
8716
8245
9045
8245
2153
1234
4028
1441
1234
2644
5876
1024
1441
1321
8716
1234
4028
2412
8245
1234
8456
1441
1441
2153
1234
1441
2153
1234
5033
8245
8716
2644
1234
5421
9871
1234
1235
4512
8716
8245
8245
1024
1234
5033
8245
9425
1441
2153
8245
1234
5876
8716
1024
1441
4634
8245
8716
4028
1234
5421
5876
1111
2412
4028
1235
1111
5876
9045
8245
1234
5421
8245
1234
4028
2412
8245
1234
1024
4028
2153
8245
8716
1111
4028
2412
1234
4028
1441
1234
2153
2345
5876
1024
8245
1234
5421
9871
1234
5421
5876
8716
2644
1234
2412
5876
1111
2412
1234
2345
5033
1441
9045
8245
1234
2644
2345
5876
4634
9871
1234
4028
2153
5876
9425
4634
8245
1024
1235
2345
8716
2644
1234
1111
5876
9045
8245
1234
5421
8245
1234
4028
2412
8245
1234
1024
4028
2153
8245
8716
1111
4028
2412
1234
4028
1441
1234
1024
9086
2153
2153
8245
8716
2644
8245
2153
1234
5421
9871
1234
1024
4028
2153
8245
8716
1111
4028
2412
1234
4028
1441
1234
4028
2412
9871
1234
1321
5876
4634
4634
1234
1321
5876
4028
2412
1234
4634
1441
9045
8245
