8222
3844
8242
7764
2326
3844
4079
8599
3844
3844
8121
3844
9672
3844
1040
9035
4274
3844
3844
6357
4850
891
3844
5234
1863
3844
8222
6752
3900
3844
3844
6205
8015
6830
866
3844
6102
2222
3844
3844
1990
8852
3844
2256
7785
2467
9013
3844
3257
813
7543
3844
3844
2956
6634
3844
4743
3844
4812
5796
856
6856
9531
3844
3844
3844
8222
3334
3844
3844
3844
9507
7649
3844
1051
3844
3844
4971
3844
2072
3844
7449
3844
3844
3844
1091
603
9286
1727
3844
2205
3844
6595
9866
3844
4177
8386
3844
3844
10000
3844
3844
2991
6877
1163
3351
3844
933
3844
3844
3733
3844
3411
8593
1520
3844
3844
3633
4908
9428
2909
3844
8950
3844
7386
1869
3844
6284
3778
3844
7186
3844
3844
6256
2226
3844
6616
8100
3585
3844
3844
9993
3844
4835
3984
3844
257
3844
4777
3844
5527
3844
7046
3844
1285
3844
1608
3844
5563
3654
3844
3844
3844
1055
2310
2892
3844
3844
9878
3844
5848
3844
9806
8326
2001
2356
4219
8051
2679
3844
3606
3872
2713
3730
3844
1842
6350
3844
8478
3844
3097
3844
4614
2237
6620
2199
3134
3844
3844
3844
921
1974
3034
7071
3844
3844
2310
1554
3844
3844
9902
3844
5685
3844
3844
3844
9265
1065
1149
3844
3844
3844
3844
8063
626
3844
7585
3844
739
9422
3844
6371
3844
3844
1863
7696
9533
3844
1166
3844
3844
9167
6765
1218
3989
3844
1523
1362
3844
6507
4414
8929
3844
9282
2906
5249
2347
3844
3844
3844
1720
2105
6965
2650
3844
3844
3844
168
3844
8220
6340
2005
3844
1281
8856
3844
3844
3844
3844
2150
8236
6578
8222
3844
6786
3844
3844
3844
8929
8946
3844
3844
9805
8871
8943
2314
5345
4853
3569
5685
3844
5702
3844
3844
3844
5065
3844
3844
3844
3844
3615
724
1464
3844
2786
3844
5506
4989
3844
8222
3844
1331
9793
3844
2053
5617
3844
8928
3844
3844
8222
3844
3844
3844
